_C_13a_5b43b0e5_b 8c 0 70 0 0 2e202562 0 44445220 0 4c4c2041 0 4655 
_C_13a_5b43b0e5_6 8c 0 68 0 0 3d202562 0 55543320 0 4154414f 0 44 
_C_13a_5b43b0e5_c 8c 0 28 0 0 45534554 0 52 
_C_13a_5b43b0e5_1 8c 0 40 0 0 2e766364 0 64756d70 
_C_13a_5b43b0e5_4 8c 0 68 0 0 3d202562 0 55543120 0 4154414f 0 44 
_C_13a_5b43b0e5_18 8c 0 28 0 0 51202020 0 44 
_C_13a_5b43b0e5_8 8c 0 18 0 0 414354 
_C_13a_5b43b0e5_d 8c 0 30 0 0 49544541 0 5752 
_C_13a_5b43b0e5_12 8c 0 18 0 0 445134 
_C_13a_5b43b0e5_13 8c 0 18 0 0 445135 
_C_13a_5b43b0e5_14 8c 0 18 0 0 445136 
_C_13a_5b43b0e5_15 8c 0 18 0 0 445137 
_C_13a_5b43b0e5_f 8c 0 18 0 0 445131 
_C_13a_5b43b0e5_17 84 0 4 0 0 8 
_C_13a_5b43b0e5_10 8c 0 18 0 0 445132 
_C_13a_5b43b0e5_11 8c 0 18 0 0 445133 
_C_13a_5b43b0e5_e 8c 0 38 0 0 52455348 0 524546 
_C_13a_5b43b0e5_16 8c 0 18 0 0 445138 
_C_13a_5b43b0e5_9 8c 0 40 0 0 20202562 0 41444452 
_C_13a_5b43b0e5_5 8c 0 68 0 0 3d202562 0 55543220 0 4154414f 0 44 
_C_13a_5b43b0e5_3 84 0 20 0 0 0 
_C_13a_5b43b0e5_19 84 0 21 0 ffffffff ffffffff 0 0 
_C_13a_5b43b0e5_2 84 0 20 0 0 1 
_C_13a_5b43b0e5_7 8c 0 68 0 0 3d202562 0 55543420 0 4154414f 0 44 
_C_13a_5b43b0e5_a 8c 0 20 0 0 52454144 
